Number	Component	Unique#	Volume (mm^3)	PEllipsoid X (mm)	PEllipsoid Y (mm)	PEllipsoid Z (mm)	PEllipsoid Rad1 (mm)	PEllipsoid Rad2 (mm)	PEllipsoid Rad3 (mm)	PEllipsoid X1 (dmls)	PEllipsoid Y1 (dmls)	PEllipsoid Z1 (dmls)	PEllipsoid X2 (dmls)	PEllipsoid Y2 (dmls)	PEllipsoid Z2 (dmls)	PEllipsoid X3 (dmls)	PEllipsoid Y3 (dmls)	PEllipsoid Z3 (dmls)
2	spinel	2	0.00244372	55.0772	27.9386	6.85925	0.00577959	0.00142064	0.000809264	0.211181	0.941548	0.262469	0.931692	-0.112708	-0.345321	0.295554	-0.317465	0.901035
3	spinel	3	0.00132904	51.6973	17.9874	6.89147	0.00300346	0.00121864	0.000491602	0.943577	-0.248378	-0.219023	0.30142	0.918086	0.257419	0.137145	-0.308912	0.941151
5	spinel	5	0.00896032	51.668	18.2388	6.98411	0.0422224	0.00831199	0.00181479	0.756733	0.651719	0.0511596	-0.650038	0.741858	0.164614	0.069329	-0.157824	0.98503
6	spinel	6	0.00137192	51.6196	18.799	6.94408	0.00353253	0.000905331	0.000336335	0.994337	0.0963313	-0.0448757	-0.10405	0.968376	-0.226763	0.0216122	0.230148	0.972916
7	spinel	7	0.018478	51.3663	18.7841	7.09755	0.0330992	0.0120522	0.00521974	0.852687	-0.340575	0.396147	0.166667	0.896008	0.411572	-0.495122	-0.284917	0.820778
8	spinel	8	0.11807	51.6645	19.4088	7.58897	0.0885909	0.0435171	0.0210264	0.199302	0.278745	0.939457	0.838846	-0.544119	-0.0165132	0.506574	0.791351	-0.342268
9	spinel	9	0.0024866	50.6337	20.6104	7.00529	0.00328651	0.00119569	0.000919738	-0.277616	0.684308	0.674279	0.9516	0.0995443	0.290771	-0.131857	-0.722367	0.678823
12	spinel	12	0.00141479	54.8672	27.9538	6.98713	0.00349052	0.00109119	0.000241592	-0.246841	0.962438	-0.113059	0.969018	0.246184	-0.0199577	-0.00862532	0.114483	0.993388
13	spinel	13	0.000643085	54.6712	28.2444	7.00919	0.00132077	0.00048998	0.000301609	0.315214	0.0	0.949021	0.0	1.0	0.0	0.949021	0.0	-0.315214
15	spinel	15	0.0899891	50.8663	19.1674	7.39924	0.108333	0.0289138	0.0218291	-0.0212523	0.912332	0.4089	0.996282	0.0534818	-0.0675468	0.0834939	-0.405944	0.910076
16	spinel	16	0.00724543	50.3768	19.1465	7.17257	0.0136895	0.00246852	0.00145563	-0.242859	0.628851	0.738624	-0.841178	0.242719	-0.483225	0.483155	0.73867	-0.47003
17	spinel	17	0.00090032	49.504	19.1863	7.05152	0.00129303	0.000882468	0.000368844	0.0801949	0.899892	0.428675	0.995009	-0.0978934	0.0193593	-0.0593858	-0.424983	0.903251
18	spinel	18	0.00141479	50.7002	19.8128	7.09213	0.00321674	0.000916815	0.000626764	-0.393733	-0.514104	0.762018	0.889116	-0.423425	0.173736	0.233339	0.745928	0.623814
19	spinel	19	0.00257234	54.4635	28.7968	7.08502	0.0123986	0.00200032	0.000379032	0.861712	-0.371288	-0.34583	0.340379	0.928459	-0.148679	0.376292	0.010405	0.926443
20	spinel	20	0.000986064	51.0305	19.1385	7.07899	0.0016278	0.000845084	0.000333615	0.870469	0.485052	0.0837157	-0.487246	0.873238	0.00676587	-0.069822	-0.0466796	0.996467
21	spinel	21	0.000257234	48.859	17.3946	7.08152	0.000555466	0.000408317	0.000125062	0.0	0.811242	0.58471	1.0	0.0	0.0	0.0	-0.58471	0.811242
22	spinel	22	0.00107181	52.0663	18.4628	7.11185	0.00125126	0.000977742	0.000416888	0.568713	-0.722994	-0.39223	0.822523	0.497272	0.276	-0.00450152	-0.479584	0.877485
23	spinel	23	0.00137192	50.7216	20.9055	7.11689	0.00195262	0.00113955	0.000412817	-0.60409	0.771969	-0.197834	0.795217	0.567733	-0.21286	0.0520043	0.285907	0.956845
24	spinel	24	0.00210075	50.7011	19.4967	7.13557	0.00205639	0.00137517	0.000705	-0.490134	0.866264	0.0967225	0.868052	0.475031	0.144329	-0.0790813	-0.154701	0.984791
25	spinel	25	0.00137192	53.7414	28.4697	7.16392	0.00120698	0.000918712	0.000735715	0.0	0.838492	-0.544914	1.0	0.0	0.0	0.0	0.544914	0.838492
26	spinel	26	0.00141479	51.8201	18.2389	7.18758	0.0014933	0.00118163	0.000555598	-0.28609	0.957986	0.0203653	0.938144	0.284364	-0.197543	0.195034	0.0374094	0.980083
27	spinel	27	0.00222936	52.0843	18.2629	7.23476	0.00446553	0.00290201	0.000489079	0.74437	-0.133406	0.654305	-0.0681557	0.959546	0.273178	0.66428	0.247941	-0.705165
29	spinel	29	0.00917468	53.7249	28.7874	7.37536	0.0145369	0.00338368	0.00150447	0.405156	0.694971	-0.594023	0.905635	-0.394054	0.156674	0.125193	0.601445	0.789044
30	spinel	30	0.00377277	47.3226	17.7021	7.30093	0.00258445	0.00203815	0.00128022	-0.104444	0.946133	-0.306469	0.868667	0.236834	0.435117	-0.484261	0.220774	0.846611
31	spinel	31	0.00377277	50.4081	18.8487	7.38366	0.0134702	0.00127312	0.000759268	0.626288	0.31547	0.712911	-0.0856403	0.936773	-0.339296	0.774873	-0.151443	-0.613707
32	spinel	32	0.000685958	49.0843	18.8165	7.2711	0.00107665	0.000909692	0.000209956	-0.221551	0.964195	-0.145753	0.972243	0.22994	0.0432632	-0.0752287	0.132122	0.988375
33	spinel	33	0.00102894	49.1915	19.6171	7.26235	0.00112287	0.00112287	0.000306237	0.0	1.0	-2.32023e-11	1.0	0.0	0.0	0.0	2.32023e-11	1.0
34	spinel	34	0.00437298	52.1143	19.1432	7.402	0.00764355	0.00176343	0.00111706	-0.0325265	0.229166	0.972844	0.996058	-0.0729318	0.0504828	0.0825202	0.970651	-0.225891
35	spinel	35	0.00184351	53.999	29.3554	7.32462	0.00305542	0.000938487	0.000621021	0.0541159	0.919329	0.38975	-0.904265	-0.120435	0.409634	0.423528	-0.374605	0.8248
36	spinel	36	0.000685958	51.7224	21.308	7.33454	0.00101113	0.000605645	0.000282849	-0.327752	0.931756	-0.156236	0.939447	0.338941	0.0505903	-0.100092	0.130194	0.986423
37	spinel	37	0.000600213	48.6565	21.3596	7.33485	0.00100878	0.000582405	0.000214994	-0.238118	0.938762	0.249051	0.897915	0.310522	-0.311969	0.3702	-0.149341	0.916869
38	spinel	38	0.00120043	49.2152	22.0033	7.32735	0.00379988	0.000694231	0.000258818	-0.0615556	0.99515	0.0767251	0.99656	0.0570056	0.0601466	-0.0554812	-0.0801636	0.995236
39	spinel	39	0.011404	52.1134	18.3616	7.57984	0.0194546	0.016002	0.00161994	-0.27025	-0.0237553	0.962497	0.872471	-0.428783	0.23439	0.407135	0.903095	0.136605
40	spinel	40	0.00137192	51.3232	18.7345	7.38375	0.00208927	0.000927574	0.000472586	0.92626	-0.284917	0.246707	0.3095	0.948569	-0.0665313	-0.215063	0.137981	0.966804
41	spinel	41	0.00180064	53.4739	28.3911	7.40485	0.00175496	0.00110279	0.000814319	-0.525769	0.811206	0.255955	0.798515	0.366983	0.477177	-0.293158	-0.455268	0.840708
42	spinel	42	0.000986064	54.115	28.6675	7.41985	0.00336223	0.000573123	0.00027903	0.740792	-0.153694	0.653916	0.2316	0.972222	-0.033862	-0.630546	0.176531	0.755809
43	spinel	43	0.00403	49.2138	21.6735	7.45894	0.0115612	0.00265914	0.00108877	0.749959	-0.644323	-0.149699	0.573677	0.520863	0.632136	-0.329327	-0.559955	0.760259
44	spinel	44	0.00703107	50.1373	20.4865	7.61405	0.0166611	0.0047489	0.000925809	0.212471	0.740417	0.637683	-0.947844	-0.00250514	0.318723	0.237586	-0.672143	0.701268
45	spinel	45	0.00141479	45.7547	20.78	7.44212	0.00231582	0.00108299	0.000355908	0.772395	-0.634493	-0.0287142	0.634335	0.772903	-0.0155017	0.032029	-0.00624099	0.999467
46	spinel	46	0.121886	58.4138	36.0321	7.91886	0.140762	0.0527202	0.0210522	0.0733119	0.449011	0.890514	0.93088	-0.351239	0.100465	0.357893	0.821596	-0.443725
47	spinel	47	0.000857447	59.0683	35.8918	7.47235	0.00105873	0.000796217	0.000484703	0.940272	-1.30304e-09	-0.340425	1.08987e-09	1.0	-8.17404e-10	0.340425	3.97562e-10	0.940272
48	spinel	48	0.00167202	48.4893	17.7455	7.52485	0.00180363	0.00109319	0.000638703	0.200346	0.89841	0.390796	0.97537	-0.220472	0.00681173	-0.0922791	-0.379806	0.920452
49	spinel	49	0.0195927	52.9527	19.1984	7.62801	0.0298342	0.00709326	0.00491854	0.592134	0.657925	0.46531	0.796913	-0.392383	-0.459309	0.119611	-0.642783	0.756652
50	spinel	50	0.000986064	50.0581	20.8383	7.5005	0.00112529	0.000968219	0.00039807	0.707649	0.675722	-0.206477	0.620577	-0.734115	-0.275606	0.337811	-0.0668974	0.938833
51	spinel	51	0.0032583	54.1324	29.2451	7.52899	0.00267536	0.00161685	0.00143065	0.671649	0.366382	0.643934	-0.669376	0.672609	0.315488	-0.317527	-0.642931	0.697005
52	spinel	52	0.000685958	50.4974	18.2915	7.50516	0.00110902	0.000651276	0.000239815	0.113248	0.965865	0.23298	0.979801	-0.0696682	-0.187445	0.164815	-0.249502	0.954246
53	spinel	53	0.00175777	50.4852	19.2138	7.56923	0.00178785	0.00113854	0.000695265	-0.224598	0.829924	-0.510667	0.864151	0.411821	0.289217	-0.450332	0.376336	0.809674
55	spinel	55	0.000600213	51.9564	21.3646	7.58984	0.00100653	0.00100621	0.000143427	-4.26315e-07	0.996189	0.0872251	1.0	4.24696e-07	3.71238e-08	6.18735e-11	-0.0872251	0.996189
56	spinel	56	0.000514468	53.4789	28.4282	7.58026	0.000649713	0.000612475	0.000286012	-1.56806e-09	-0.63753	0.770426	1.0	-1.11371e-09	1.11371e-09	1.48008e-10	0.770426	0.63753
58	spinel	58	0.000557341	47.1925	19.9846	7.646	0.000753815	0.000500127	0.000282681	0.0	1.0	0.0	0.948683	0.0	0.316228	-0.316228	0.0	0.948683
59	spinel	59	0.00711681	46.9414	19.5971	7.80547	0.00838394	0.00465374	0.00126102	-0.12774	0.921795	-0.366027	-0.267836	0.323278	0.90761	0.954959	0.213973	0.205594
60	spinel	60	0.000557341	49.9601	20.8165	7.69177	0.0024283	0.00040972	0.000162743	0.367855	0.8217	-0.435306	0.926534	-0.363585	0.0966492	0.0788542	0.438879	0.89508
61	spinel	61	0.127974	49.9791	21.0331	8.4118	0.18245	0.0648068	0.0317183	0.592939	0.666899	-0.451297	-0.0334949	0.580386	0.813652	0.80455	-0.46733	0.366472
62	spinel	62	0.0104609	50.6247	18.9064	7.86595	0.0142124	0.008429	0.00207146	0.613048	0.593514	0.521453	-0.773105	0.314721	0.550691	-0.162731	0.740737	-0.651787
63	spinel	63	0.000986064	49.8085	19.5463	7.72267	0.00140631	0.000912044	0.000427945	0.801658	0.277597	-0.529419	-0.290655	0.954908	0.0605821	0.522364	0.105312	0.846195
64	spinel	64	0.000771702	47.4435	19.7202	7.73873	0.00105315	0.000840922	0.000328981	0.928408	-0.223235	0.297027	0.241301	0.970125	-0.025116	-0.282546	0.0949908	0.954539
65	spinel	65	0.000557341	48.8994	20.0546	7.77522	0.000753815	0.000565361	0.000318922	-0.707107	0.0	0.707107	0.0	1.0	0.0	0.707107	0.0	0.707107
66	spinel	66	0.0015434	52.1314	20.3171	7.76984	0.00112287	0.00112287	0.000816633	0.0	1.0	0.0	1.0	0.0	1.64994e-10	-1.64994e-10	0.0	1.0
67	spinel	67	0.000814575	51.9039	22.5598	7.75326	0.0012635	0.000773652	0.000243091	0.0	0.968993	-0.247087	1.0	0.0	0.0	0.0	0.247087	0.968993
68	spinel	68	0.00107181	58.0652	36.8626	7.76984	0.00190294	0.000747072	0.000462338	0.92843	0.281732	0.242165	-0.176351	0.907943	-0.380184	-0.326982	0.310268	0.892646
69	spinel	69	0.00141479	57.8687	37.3517	7.78575	0.00248563	0.000934149	0.00043167	0.99082	-0.0944733	-0.0966986	0.0898561	0.994646	-0.0510473	0.101003	0.0418897	0.994004
70	spinel	70	0.000600213	48.4115	16.6497	7.78984	0.00100878	0.000582405	0.000214994	0.238118	0.938762	-0.249051	0.897915	-0.310522	-0.311969	0.3702	0.149341	0.916869
72	spinel	72	0.002015	47.2595	13.2402	7.83612	0.00347854	0.00140182	0.000439779	-0.240617	0.965267	-0.101801	0.962638	0.250745	0.102254	-0.124228	0.0733931	0.989536
73	spinel	73	0.00141479	51.4468	18.9155	7.84726	0.00159825	0.00106525	0.000661532	0.515852	0.600075	-0.611397	-0.821627	0.548609	-0.154779	0.242539	0.582184	0.776039
74	spinel	74	0.000557341	49.8201	20.8219	7.81561	0.00159918	0.000631794	0.000117455	0.706476	-0.64296	-0.295795	0.625517	0.762773	-0.16403	0.331089	-0.0691412	0.941063
75	spinel	75	0.00137192	61.1405	27.1704	7.85078	0.00172165	0.000979807	0.000531976	0.893769	-0.412547	-0.176017	0.41299	0.910029	-0.0358601	0.174975	-0.0406426	0.983734
76	spinel	76	0.000514468	60.3038	35.3289	7.82817	0.000716472	0.000612475	0.000261787	0.0	0.98847	0.151416	1.0	0.0	0.0	0.0	-0.151416	0.98847
77	spinel	77	0.000514468	47.634	17.0038	7.86026	0.000612475	0.000602214	0.000273965	1.0	1.37358e-08	-3.71238e-09	-1.42281e-08	0.963119	-0.269074	-1.2049e-10	0.269074	0.963119
78	spinel	78	0.00282958	48.841	18.364	7.89022	0.00310064	0.00192117	0.000670155	-0.424139	0.751825	0.504842	0.833428	0.542137	-0.107167	0.354264	-0.375296	0.856534
79	spinel	79	0.00364415	47.7909	23.6085	7.89666	0.00282065	0.0021346	0.00104387	-0.393794	0.877231	0.274575	0.917186	0.394748	0.0542555	0.0607933	-0.273202	0.960034
80	spinel	80	0.000857447	50.4655	19.2496	7.90459	0.00130519	0.00073497	0.000308678	0.813226	0.0	0.581948	0.0	1.0	0.0	-0.581948	0.0	0.813226
81	spinel	81	0.00956054	51.098	20.0138	8.03822	0.0169154	0.00638376	0.00144234	-0.175936	0.981605	0.0741461	0.605738	0.0485794	0.79418	0.775969	0.184638	-0.603143
82	spinel	82	0.00282958	50.0686	20.6766	7.91991	0.0142935	0.000990724	0.000628621	-0.148766	0.968802	-0.198223	0.963004	0.187484	0.193581	-0.224706	0.162091	0.960851
83	spinel	83	0.00090032	47.8674	19.1896	7.94317	0.000983198	0.000839568	0.000504916	-0.467974	0.876788	0.110649	0.857132	0.480805	-0.184801	0.215232	-0.00835888	0.976527
84	spinel	84	0.00167202	51.0074	19.4147	7.93138	0.00201915	0.00149648	0.000453168	0.963144	-0.145769	-0.226063	0.12894	0.987777	-0.0875845	0.236067	0.0552079	0.970167
85	spinel	85	0.000771702	50.364	20.391	7.96234	0.00199092	0.000544422	0.000375802	0.0	0.447632	0.894218	1.0	0.0	0.0	0.0	0.894218	-0.447632
86	spinel	86	0.000643085	53.6679	28.8744	7.92617	0.000792717	0.000653306	0.000296127	0.991152	-1.69544e-09	-0.132733	1.65731e-09	1.0	-3.97755e-10	0.132733	1.74255e-10	0.991152
88	spinel	88	0.00132904	47.1305	16.5039	7.98548	0.00115733	0.00100794	0.00064918	0.872771	0.318675	-0.369753	-0.352817	0.935311	-0.0266893	0.337329	0.153749	0.928747
89	spinel	89	0.000814575	46.0554	18.8149	7.98536	0.00157645	0.000624059	0.000310464	0.127605	0.833144	-0.538135	0.97818	-0.195404	-0.0705753	0.163953	0.517387	0.839899
90	spinel	90	0.000643085	48.404	22.3389	7.99384	0.000653306	0.000575247	0.000448267	1.0	-1.23746e-10	-3.29989e-10	2.07341e-10	0.963715	0.266934	2.84983e-10	-0.266934	0.963715
91	spinel	91	0.00235798	44.5484	22.782	7.99829	0.00223717	0.00128321	0.000910493	0.449602	0.695414	0.560586	0.628245	-0.69232	0.354966	0.634954	0.192592	-0.748159
92	spinel	92	0.00544479	55.928	32.061	8.01373	0.0118962	0.00194329	0.00134717	0.917726	0.369571	0.145589	-0.314651	0.452679	0.834312	-0.242432	0.81148	-0.531721
93	spinel	93	0.000685958	50.4143	18.7815	8.00609	0.00107665	0.000909692	0.000209956	-0.221551	0.964195	-0.145753	0.972243	0.22994	0.0432632	-0.0752287	0.132122	0.988375
94	spinel	94	0.00167202	61.0262	27.5767	8.00945	0.00298618	0.000751989	0.00062204	0.706767	-0.70625	0.0411197	0.616241	0.586062	-0.526097	0.347457	0.397168	0.84943
95	spinel	95	0.000471596	60.6283	31.4294	7.99574	0.000668154	0.000556795	0.000212595	0.0	1.0	0.0	0.857493	0.0	-0.514496	0.514496	0.0	0.857493
96	spinel	96	0.00222936	56.6275	37.956	8.05185	0.00398071	0.0015158	0.000621894	0.830572	-0.256952	-0.494091	0.174961	0.962671	-0.206525	0.528714	0.085087	0.844524
97	spinel	97	0.254705	45.9503	15.2221	8.92377	0.226012	0.049925	0.0153936	-0.335863	0.312848	0.888438	0.807735	-0.389535	0.442522	0.48452	0.86625	-0.121868
98	spinel	98	0.000814575	45.9964	16.0684	8.06273	0.00568582	0.000575292	0.000145273	0.695411	0.667351	-0.266546	-0.708175	0.699412	-0.0964903	0.122032	0.255861	0.95898
99	spinel	99	0.00120043	46.5253	16.4172	8.07858	0.00270742	0.000863172	0.000632363	-0.232017	-0.400119	0.886608	-0.456447	0.84968	0.264006	0.858967	0.343435	0.379773
100	spinel	100	0.00111468	50.3788	21.1867	8.06599	0.00148461	0.00107841	0.000296407	0.414399	0.906387	0.0820708	0.909299	-0.416122	0.00432965	-0.0380758	-0.0728326	0.996617
101	spinel	101	0.0052733	61.2561	27.6972	8.18642	0.0112338	0.00319778	0.00110302	0.211593	0.376229	0.902042	-0.736848	0.66775	-0.105666	0.642093	0.64231	-0.418514
102	spinel	102	0.0024866	55.2452	33.4979	8.10957	0.00320893	0.00138376	0.000725861	0.675316	0.696544	-0.242437	0.632044	-0.715974	-0.296482	0.380091	-0.0469877	0.923755
103	spinel	103	0.00162915	60.0164	34.8777	8.05905	0.00538747	0.0012276	0.000191712	0.925348	-0.36733	0.0938007	0.368088	0.92974	0.00972244	-0.0907816	0.0255303	0.995544
104	spinel	104	0.000685958	48.0409	17.1321	8.08702	0.00241928	0.000778163	7.06896e-05	-0.40925	0.912206	-0.01988	0.912164	0.409555	0.014879	-0.0217147	0.0120446	0.999692
105	spinel	105	0.000471596	60.5328	32.4762	8.09438	0.00076777	0.000549701	0.000221309	0.958471	-0.261291	0.114279	0.280391	0.936572	-0.21027	-0.0520887	0.233581	0.970941
106	spinel	106	0.00111468	46.6715	14.6459	8.16829	0.00106549	0.00106005	0.000471134	0.0	0.993884	0.110432	1.0	0.0	0.0	0.0	-0.110432	0.993884
107	spinel	107	0.000557341	48.614	17.5669	8.13868	0.000774142	0.000753815	0.000182623	0.0	0.891115	0.453778	1.0	0.0	0.0	0.0	-0.453778	0.891115
108	spinel	108	0.00128617	50.3056	20.6799	8.149	0.00174761	0.000917851	0.000449998	-0.613511	0.683066	-0.396264	0.704334	0.700234	0.116562	-0.357097	0.20759	0.910708
109	spinel	109	0.00128617	57.6298	26.3335	8.16533	0.00112835	0.00097996	0.000696826	0.664537	-0.664537	-0.341731	0.707107	0.707107	-1.50003e-10	0.24164	-0.24164	0.939798
110	spinel	110	0.00072883	57.0735	37.4883	8.1363	0.00123745	0.00065714	0.000233173	0.924091	-0.298924	0.238119	0.257958	0.947592	0.188483	-0.281982	-0.112751	0.952772
111	spinel	111	0.000857447	46.1536	16.4829	8.18633	0.00118092	0.000682404	0.000399773	0.867811	0.022375	0.49639	-0.121311	0.978297	0.167983	-0.481859	-0.205995	0.851691
112	spinel	112	0.00141479	47.0836	17.9514	8.21847	0.0041755	0.000689572	0.000486917	0.176689	0.728335	0.662049	0.89013	-0.405302	0.208322	-0.420058	-0.552501	0.719926
113	spinel	113	0.00192926	49.5621	19.7225	8.21316	0.00222489	0.00111827	0.000818644	-0.580766	0.326381	0.745779	0.747246	0.577226	0.329293	0.323008	-0.748522	0.57912
114	spinel	114	0.000685958	51.3111	20.5271	8.17452	0.00132409	0.000694895	0.000191669	0.693575	0.655689	0.298373	-0.710554	0.690863	0.133496	-0.118603	-0.3046	0.945067
115	spinel	115	0.00531617	44.3983	22.9584	8.25955	0.00391557	0.00222632	0.001658	0.537271	0.762912	-0.359591	0.125422	0.349342	0.928563	0.834032	-0.543991	0.0920055
116	spinel	116	0.000557341	48.0863	18.2615	8.20868	0.000702663	0.000558555	0.000289901	0.838483	0.541884	0.0575137	-0.518569	0.825897	-0.221314	-0.167427	0.155743	0.973505
117	spinel	117	0.00282958	51.2336	20.6167	8.27839	0.00576544	0.00108665	0.000732979	0.915589	-0.162884	0.367647	0.297623	0.889313	-0.347194	-0.270401	0.427307	0.862723
118	spinel	118	0.0012433	46.1363	14.4366	8.26586	0.00171557	0.00123099	0.000438441	0.864894	0.168739	-0.472743	-0.306408	0.923455	-0.230966	0.397584	0.344613	0.850393
119	spinel	119	0.00090032	51.5339	19.1063	8.2665	0.00111895	0.000634669	0.000474063	0.716703	-0.519054	-0.465745	0.696791	0.505579	0.508795	-0.028621	-0.689182	0.724023
120	spinel	120	0.00428724	50.8165	19.952	8.31793	0.00427695	0.00220334	0.00110778	0.402615	0.67576	-0.617454	0.898094	-0.422047	0.123707	0.176998	0.604338	0.776819
121	spinel	121	0.000814575	60.6759	35.4745	8.2543	0.00109609	0.000870143	0.00032758	0.582486	0.735441	-0.346173	0.793259	-0.607243	0.0446908	0.177344	0.300637	0.937105
122	spinel	122	0.00210075	53.8789	37.7849	8.26126	0.00208043	0.00147228	0.000640999	-0.372025	0.927928	-0.0233788	0.923994	0.372615	0.0859902	-0.088504	-0.0103886	0.996022
123	spinel	123	0.000557341	46.6056	18.0246	8.27598	0.000753815	0.000500127	0.000282681	-9.54611e-12	1.0	4.03058e-11	0.948683	2.1802e-11	-0.316228	0.316228	-3.52187e-11	0.948683
124	spinel	124	0.00111468	51.0572	22.2299	8.27733	0.00288762	0.000594184	0.000283652	-0.171826	0.980908	0.0910821	0.984317	0.167199	0.0562584	-0.0399554	-0.0993203	0.994253
125	spinel	125	0.000514468	44.6591	22.6504	8.27441	0.000612475	0.000602214	0.000273965	1.0	-1.85619e-09	7.42475e-10	1.98751e-09	0.963119	-0.269074	-2.15639e-10	0.269074	0.963119
126	spinel	126	0.000514468	51.8048	24.6716	8.28316	0.000781633	0.000507706	0.000267367	0.514895	0.852375	-0.0913255	0.852678	-0.520224	-0.0480357	0.0884542	0.0531379	0.994662
127	spinel	127	0.00141479	46.4069	14.7167	8.3118	0.00388954	0.000839015	0.000258978	0.920128	0.389682	-0.038892	-0.366165	0.891291	0.26744	0.138881	-0.231838	0.962789
128	spinel	128	0.0015434	50.9415	19.7221	8.32983	0.00112287	0.00112287	0.000816633	-1.36116e-20	1.0	8.24972e-11	1.0	0.0	1.64994e-10	-1.64994e-10	-8.24972e-11	1.0
129	spinel	129	0.000557341	44.1529	22.5234	8.32714	0.00108378	0.0010365	8.31839e-05	0.705765	0.705765	-0.0615835	-0.707107	0.707107	-4.30798e-10	0.0435461	0.0435461	0.998102
130	spinel	130	0.00463021	57.5194	26.7975	8.39367	0.00706919	0.0018125	0.000947943	-0.463834	0.729902	0.502097	0.849278	0.527656	0.0175002	0.252161	-0.434537	0.864634
131	spinel	131	0.0045016	57.3132	26.2181	8.41149	0.00437727	0.00230644	0.00128596	0.895055	-0.400279	0.196604	-0.128761	0.190123	0.97328	0.426962	0.896454	-0.11863
132	spinel	132	0.00218649	49.5645	16.799	8.38679	0.00590114	0.0011955	0.000436738	-0.355013	0.924129	-0.141247	0.905259	0.377545	0.194849	-0.233393	0.0586906	0.97061
133	spinel	133	0.00107181	50.2828	20.6426	8.40263	0.00248288	0.000564036	0.000445664	0.931524	-0.25411	-0.260175	0.331906	0.301566	0.89381	0.148667	0.918959	-0.365256
134	spinel	134	0.0108467	55.8608	33.9187	8.54397	0.0184904	0.0107828	0.00199269	0.783413	-0.0568708	0.618894	0.363888	0.849245	-0.382582	-0.503834	0.524928	0.686004
135	spinel	135	0.00197213	46.8747	13.7585	8.47896	0.00187868	0.0010922	0.00099863	0.0841881	0.56545	0.820475	-0.0327775	0.824524	-0.564877	0.995911	-0.0206628	-0.0879491
136	spinel	136	0.000986064	47.2612	17.2273	8.43178	0.00140506	0.000806883	0.000395415	0.794135	0.499203	0.346621	-0.487682	0.863779	-0.126697	-0.362651	-0.0684266	0.92941
137	spinel	137	0.00072883	48.1446	19.5831	8.43483	0.00130627	0.000713767	0.000311184	0.833802	-0.201805	-0.513856	0.188248	0.978939	-0.0789968	0.518976	-0.0308646	0.854231
138	spinel	138	0.000685958	44.6022	21.1264	8.43483	0.00109882	0.000883831	0.00027585	-0.272262	0.944755	0.182517	0.962056	0.263741	0.069917	-0.0179173	-0.194627	0.980714
139	spinel	139	0.00428724	61.0156	27.4797	8.48558	0.00640367	0.00162023	0.00116248	-0.372856	0.648022	0.664113	0.896838	0.0680756	0.43709	-0.238034	-0.758573	0.606553
140	spinel	140	0.00188638	61.0833	27.9764	8.46903	0.00343264	0.00196004	0.000553648	-0.396328	0.721212	0.568134	0.778247	-0.0643958	0.624648	0.48709	0.689714	-0.535759
141	spinel	141	0.000600213	55.3164	31.3444	8.42983	0.00100653	0.00100621	0.000143427	0.0	0.996189	-0.0872251	1.0	0.0	0.0	0.0	0.0872251	0.996189
142	spinel	142	0.00102894	59.3384	37.6563	8.43045	0.00143925	0.000882923	0.000448851	0.707606	-0.309462	-0.635238	0.394443	0.918883	-0.00826307	0.586266	-0.244718	0.772273
143	spinel	143	0.00171489	46.1142	17.6326	8.47683	0.00202687	0.00111132	0.000676758	-0.130605	0.80052	-0.584901	-0.954329	0.0583801	0.292997	0.268697	0.596455	0.756335
144	spinel	144	0.000600213	47.204	17.9521	8.45483	0.000848007	0.000570685	0.000262489	-0.465567	0.8713	-0.155189	0.826588	0.49075	0.275529	-0.316228	4.30144e-11	0.948683
145	spinel	145	0.00192926	47.34	18.7059	8.50327	0.00168493	0.00105615	0.000958564	-0.0403485	0.270964	0.961743	0.994058	-0.0864997	0.0660749	0.101094	0.958695	-0.265864
146	spinel	146	0.00102894	51.1514	19.5121	8.45233	0.00112287	0.00112287	0.000306237	0.0	1.0	0.0	1.0	0.0	0.0	0.0	0.0	1.0
147	spinel	147	0.00222936	50.4319	21.361	8.48127	0.00181357	0.00134248	0.000936023	0.80288	-0.460248	0.378886	0.542519	0.827544	-0.144377	-0.247096	0.32147	0.914112
148	spinel	148	0.000514468	44.6591	22.4404	8.45524	0.000612475	0.000602214	0.000273965	1.0	-1.85619e-09	-7.42475e-10	1.98751e-09	0.963119	0.269074	2.15639e-10	-0.269074	0.963119
149	spinel	149	0.00390138	57.748	26.8044	8.49175	0.0105143	0.00133456	0.00115974	-0.344213	0.912634	0.22049	0.758002	0.408701	-0.508327	0.554031	0.00784042	0.832459
150	spinel	150	0.00235798	45.3724	18.1653	8.50164	0.00261295	0.0013779	0.000697572	0.861446	0.497569	0.101664	-0.506653	0.855751	0.104843	-0.0348319	-0.141825	0.989279
151	spinel	151	0.00111468	51.7384	19.2281	8.5129	0.00112145	0.000864504	0.000646966	0.854734	-0.0413375	0.517418	-0.0746113	0.976688	0.201281	-0.513676	-0.210647	0.831724
152	spinel	152	0.00385851	51.5372	20.151	8.53127	0.00983523	0.00185762	0.000933653	0.945045	-0.319752	0.0681749	0.29091	0.917575	0.270975	-0.1492	-0.236251	0.960169
153	spinel	153	0.000514468	58.0084	36.5422	8.49024	0.000918712	0.000524636	0.000266478	0.813733	6.79135e-10	-0.581238	-0.172532	0.954929	-0.241545	0.555041	0.296835	0.777058
154	spinel	154	0.00128617	46.6727	13.9752	8.53049	0.0018952	0.00085848	0.000497885	0.503911	0.803264	0.317554	0.863403	-0.478935	-0.158608	-0.0246833	-0.354102	0.934881
155	spinel	155	0.00132904	46.1799	14.3012	8.54547	0.00115733	0.00100794	0.00064918	-0.318675	0.872771	-0.369753	0.935311	0.352817	0.0266893	-0.153749	0.337329	0.928747
156	spinel	156	0.00210075	49.1104	18.2168	8.61054	0.0020233	0.00117201	0.000968805	0.803523	-0.185116	-0.565759	0.40885	0.862406	0.298492	0.432658	-0.471156	0.768648
157	spinel	157	0.0015434	57.1635	26.5217	8.53302	0.00167061	0.00135755	0.000479386	0.643747	0.762449	0.0652779	0.752792	-0.615644	-0.232995	0.137459	-0.19913	0.970285
158	spinel	158	0.000943192	59.5688	35.2188	8.55255	0.00157889	0.000912647	0.000373428	0.729797	-0.424001	-0.536302	0.426597	0.895422	-0.127413	0.53424	-0.135799	0.834354
159	spinel	159	0.00072883	45.4167	16.6102	8.57277	0.00137247	0.000828948	0.000316301	0.603099	0.681067	-0.415234	0.764786	-0.641633	0.0583929	0.226658	0.352782	0.907839
160	spinel	160	0.000685958	46.9625	17.7271	8.55951	0.00134523	0.000626957	0.000200188	0.673789	0.697501	-0.243928	-0.737594	0.615075	-0.278636	-0.0443151	0.367662	0.928903
161	spinel	161	0.00188638	47.4749	18.1296	8.58835	0.00173856	0.00114161	0.000832013	-0.189659	0.810201	-0.554621	0.725415	0.496294	0.476933	0.661667	-0.311875	-0.681858
162	spinel	162	0.000771702	47.9257	18.7946	8.57871	0.00133086	0.000680528	0.000287279	0.712212	0.0	-0.701965	0.0	1.0	0.0	0.701965	0.0	0.712212
163	spinel	163	0.0032583	52.0366	19.2349	8.60936	0.00376055	0.00214747	0.000670361	-0.583535	0.740756	0.332818	0.793855	0.606685	0.0415749	0.171119	-0.288469	0.942074
164	spinel	164	0.0012433	48.0854	19.4596	8.57724	0.00176696	0.00106496	0.000401594	0.812446	-0.549328	0.195371	0.494857	0.826893	0.267139	-0.308298	-0.120355	0.943646
165	spinel	165	0.00115755	48.4649	20.4538	8.60075	0.00328303	0.000684279	0.000337655	0.267621	0.772375	-0.576035	0.963521	-0.212949	0.162113	-0.00254566	0.598406	0.801189
166	spinel	166	0.000986064	54.8926	21.5793	8.57939	0.00117723	0.000824274	0.000434502	-0.0229137	0.907625	0.419157	0.9996	0.0277591	-0.00546402	0.0165947	-0.418864	0.907897
167	spinel	167	0.00548766	50.169	21.7321	8.68447	0.0120881	0.00204928	0.00106418	0.450187	-0.404056	0.796285	0.816974	-0.173542	-0.549943	0.360396	0.898121	0.251977
168	spinel	168	0.000300107	52.5039	40.0392	8.56482	0.000551754	0.000349986	0.000198215	0.92388	1.18986e-09	-0.382683	-8.48543e-10	1.0	1.06068e-09	0.382683	-6.55216e-10	0.92388
169	spinel	169	0.00150053	44.4851	22.4655	8.61982	0.00514796	0.000605758	0.000394025	0.835179	-0.53505	0.127271	0.399765	0.749517	0.527647	-0.37771	-0.389801	0.839875
170	spinel	170	0.00240085	44.416	23.6114	8.63795	0.00212133	0.00145949	0.000899067	0.972601	-0.210278	-0.0991446	0.185339	0.958788	-0.215346	0.140341	0.191071	0.971492
172	spinel	172	0.00921756	57.5769	26.3903	8.79231	0.0113922	0.00359473	0.00146937	0.707055	0.207243	-0.676109	-0.605432	0.671448	-0.427329	0.365411	0.711483	0.600222
173	spinel	173	0.00150053	54.5279	28.5034	8.65682	0.00166109	0.00156742	0.000525335	-0.26407	0.748275	-0.608565	0.964496	0.202394	-0.169658	0.00378118	0.63176	0.775155
174	spinel	174	0.00188638	54.8709	32.7164	8.67744	0.0025249	0.000987065	0.000670957	-0.24799	0.937621	0.243657	0.916195	0.308719	-0.255498	0.314782	-0.159877	0.935603
175	spinel	175	0.000557341	59.4369	33.6908	8.63405	0.000894721	0.000591704	0.000224156	0.337167	0.941385	0.0106127	0.89432	-0.316747	-0.316011	0.294127	-0.11604	0.948696
176	spinel	176	0.00270096	55.3155	34.2376	8.67038	0.00236188	0.00172828	0.000878769	0.0394165	0.915954	0.399342	0.9616	0.0738634	-0.26433	0.271611	-0.394427	0.87787
177	spinel	177	0.0012433	46.4525	15.6374	8.66775	0.00179883	0.000858245	0.000494877	0.892259	0.334939	0.302805	-0.343957	0.938659	-0.0247521	-0.292521	-0.0820664	0.952731
178	spinel	178	0.000600213	45.3791	18.6371	8.67982	0.00101532	0.000999959	0.000165883	-8.85134e-09	0.994623	0.103562	1.0	8.8101e-09	8.55657e-10	6.13361e-11	-0.103562	0.994623
179	spinel	179	0.00287245	51.2311	19.4852	8.78012	0.0059359	0.00202103	0.000866313	0.190293	0.167263	0.967374	0.926513	-0.356402	-0.120632	0.324596	0.919239	-0.222792
180	spinel	180	0.00120043	51.6752	24.5545	8.68982	0.00112047	0.00100232	0.000569289	-0.263741	0.936546	-0.230917	0.95752	0.283133	0.0546977	-0.116607	0.206682	0.971435
181	spinel	181	0.000600213	54.6539	33.3018	8.64982	0.00100653	0.00100621	0.000143427	0.996189	0.0	0.0872251	0.0	1.0	0.0	-0.0872251	0.0	0.996189
182	spinel	182	0.0065166	55.7564	34.1264	8.72887	0.00890467	0.00267329	0.00122913	0.89834	-0.294482	0.325984	0.429506	0.744596	-0.510981	-0.0922516	0.599047	0.795382
183	spinel	183	0.000385851	44.7369	17.1108	8.70704	0.00114768	0.000348175	0.000137411	0.738224	-0.631038	-0.238363	0.568677	0.772258	-0.283237	0.362811	0.0735406	0.928957
184	spinel	184	0.000600213	57.1038	26.492	8.71982	0.00241206	0.000590336	0.000153726	0.826582	0.0936658	0.554967	-0.0859357	0.995496	-0.0400223	-0.556216	-0.0146098	0.830909
185	spinel	185	0.000814575	55.5475	33.848	8.70008	0.00202612	0.000609165	0.000215015	0.758753	-0.616671	0.209789	0.610934	0.785442	0.0992022	-0.225952	0.0528972	0.972701
186	spinel	186	0.000557341	60.4465	34.4393	8.69598	0.000774142	0.000753815	0.000182623	0.891115	-1.22681e-08	0.453778	1.08314e-08	1.0	5.7651e-09	-0.453778	-2.2232e-10	0.891115
187	spinel	187	0.000514468	46.7299	19.0746	8.73524	0.000612475	0.000602214	0.000273965	-1.37358e-08	1.0	-3.71238e-09	0.963119	1.42281e-08	0.269074	-0.269074	-1.2049e-10	0.963119
188	spinel	188	0.000600213	49.5515	20.5096	8.75232	0.000971626	0.000524978	0.000365819	0.560629	0.0	0.828067	0.0	1.0	0.0	0.828067	0.0	-0.560629
189	spinel	189	0.00317255	59.5759	33.9129	8.7782	0.00405392	0.00190164	0.000900669	0.828142	0.498062	0.257127	-0.496524	0.864708	-0.0757848	-0.260085	-0.064909	0.963401
190	spinel	190	0.000643085	44.4678	19.1026	8.79182	0.00168647	0.000637622	0.000169357	-0.566736	0.671963	-0.476734	0.802471	0.58131	-0.134603	-0.186682	0.45885	0.868681
191	spinel	191	0.00475883	51.6094	19.5157	8.83653	0.00496239	0.00209085	0.00114829	0.786153	-0.604284	-0.129634	0.394299	0.65192	-0.64771	0.475912	0.458084	0.750777
192	spinel	192	0.000557341	55.4739	34.6977	8.76597	0.000753815	0.000500127	0.000282681	1.0	0.0	0.0	0.0	0.948683	0.316228	0.0	-0.316228	0.948683
193	spinel	193	0.00102894	49.769	21.8046	8.80232	0.00185635	0.00112287	0.000185238	0.681026	0.681026	0.269085	-0.707107	0.707107	0.0	-0.190272	-0.190272	0.963116
194	spinel	194	0.000557341	52.0089	23.4737	8.79828	0.00086297	0.000565361	0.000253257	-5.76525e-11	0.96946	0.245248	1.0	1.09188e-10	-1.96538e-10	2.17313e-10	-0.245248	0.96946
195	spinel	195	0.000600213	57.0663	25.5345	8.78982	0.00100653	0.00100621	0.000143427	-1.7881e-08	0.996189	0.0872251	1.0	1.78194e-08	1.48495e-09	7.50089e-11	-0.0872251	0.996189
196	spinel	196	0.01209	59.7578	33.6598	8.94319	0.0113764	0.00503188	0.00217456	0.601744	0.680489	-0.418139	-0.760107	0.327171	-0.561424	-0.24524	0.655663	0.714117
197	spinel	197	0.019807	52.2439	41.0532	8.88558	0.013695	0.0076854	0.00239356	0.65359	0.735073	0.180245	0.752821	-0.655945	-0.0547507	-0.0779851	-0.171477	0.982097
198	spinel	198	0.00222936	46.8829	18.2811	8.88847	0.00246544	0.00115484	0.000909409	-0.472937	0.629199	-0.616798	0.85091	0.507825	-0.13441	-0.228655	0.588407	0.77556
199	spinel	199	0.00407287	59.3348	33.733	8.90861	0.0106438	0.00622137	0.000698108	0.352277	-0.735546	-0.578682	0.915047	0.140912	0.377932	-0.196443	-0.662658	0.7227
200	spinel	200	0.00162915	55.7189	33.6076	8.87416	0.0023406	0.00090917	0.000562507	0.742256	0.299817	-0.599305	-0.44821	0.88696	-0.111396	0.498161	0.351299	0.792732
201	spinel	201	0.00205787	53.0626	14.5218	8.94013	0.00660006	0.00113374	0.000431478	-0.35258	0.778065	-0.519905	-0.52286	0.29697	0.799016	0.776083	0.553555	0.302113
202	spinel	202	0.279999	44.7652	16.5608	9.60958	0.197922	0.0979974	0.0179934	-0.30456	0.929762	-0.206845	0.0436072	0.230545	0.972084	0.951494	0.287038	-0.110759
203	spinel	203	0.000685958	44.7838	16.6728	8.86357	0.00107665	0.000909692	0.000209956	-0.221551	0.964195	-0.145753	0.972243	0.22994	0.0432632	-0.0752287	0.132122	0.988375
204	spinel	204	0.00197213	58.0075	26.5941	8.91797	0.00307524	0.00104111	0.000893442	0.00176589	0.665687	0.746229	0.987293	0.117414	-0.107078	-0.158898	0.736936	-0.657021
205	spinel	205	0.00145766	60.0176	32.7748	8.91555	0.00144145	0.00112856	0.000598332	0.96612	-0.12899	0.223549	0.182634	0.953688	-0.239008	-0.182366	0.271738	0.944934
206	spinel	206	0.00227223	44.5092	17.3081	8.97236	0.0025465	0.00137874	0.000931828	0.28349	0.653422	0.701906	-0.206261	0.75635	-0.620799	0.936531	-0.0312142	-0.349194
207	spinel	207	0.00158628	51.0006	20.2693	8.92482	0.00167255	0.00131179	0.00059118	-0.453965	0.811783	-0.367322	0.886026	0.367691	-0.28242	0.0942027	0.453665	0.886179
208	spinel	208	0.00072883	50.0778	21.2487	8.91658	0.00375394	0.000717525	8.92518e-05	0.589292	0.785462	-0.189167	0.799289	-0.600924	-0.0052246	0.117779	0.14812	0.981931
209	spinel	209	0.00128617	57.2413	26.2973	8.95165	0.00251666	0.000855707	0.000459007	0.824436	0.0180181	0.565668	-0.0255949	0.999657	0.0054616	-0.565376	-0.0189809	0.824615
210	spinel	210	0.000514468	58.5538	30.1694	8.90732	0.000816633	0.00080174	0.000116972	0.0	1.0	0.0	0.850651	0.0	0.525731	-0.525731	0.0	0.850651
211	spinel	211	0.00180064	46.8907	16.5838	8.97315	0.0023768	0.00115079	0.000653487	0.16033	0.980365	-0.114798	0.896165	-0.193328	-0.399391	0.413742	0.038843	0.909565
212	spinel	212	0.000514468	49.3636	21.1512	8.93648	0.00096911	0.000449644	0.000240033	0.945758	-0.324548	0.0144847	0.293398	0.872429	0.390877	-0.139495	-0.365426	0.920329
213	spinel	213	0.000643085	43.9684	18.4096	9.00648	0.000992561	0.00062355	0.000365585	-0.0389172	0.987554	0.152389	0.879771	0.106175	-0.463389	0.473801	-0.116034	0.872954
214	spinel	214	0.00222936	50.1345	21.711	9.02039	0.0123369	0.000981535	0.000403381	0.803205	-0.52718	-0.277386	0.529669	0.845107	-0.0724294	0.272604	-0.0887471	0.958025
215	spinel	215	0.0027867	55.4992	33.9698	9.04651	0.00693133	0.00128431	0.000623138	0.591575	0.730574	-0.341028	0.806249	-0.535434	0.25154	0.00117083	-0.423759	-0.905774
217	spinel	217	0.000643085	48.04	20.8292	9.01348	0.00125835	0.000607893	0.000344112	0.786631	-0.26361	-0.55832	0.37686	0.921283	0.0959862	0.489068	-0.285915	0.824054
218	spinel	218	0.00167202	50.4761	21.3702	9.05225	0.00202625	0.00128883	0.000603791	-0.292865	0.932439	0.211629	0.718235	0.360639	-0.595044	0.631164	0.0222686	0.775329
219	spinel	219	0.00257234	51.3848	21.6517	9.04148	0.00496591	0.0013274	0.000680737	0.944802	-0.130907	-0.300352	0.226631	0.923144	0.310554	0.236615	-0.361481	0.901856
220	spinel	220	0.00132904	59.1646	33.5225	9.02078	0.00225498	0.0010568	0.000341395	0.312339	0.894775	-0.319095	0.949233	-0.280728	0.141947	-0.037432	0.347231	0.937032
221	spinel	221	0.00870309	44.9606	15.8828	9.13878	0.00717329	0.00322478	0.00180643	-0.0540348	0.701715	0.710405	0.989349	-0.0586804	0.133214	0.135165	0.710037	-0.69107
222	spinel	222	0.00128617	57.7033	26.498	9.06481	0.00213707	0.000816633	0.00043532	-0.198287	0.980144	0.0	0.0	0.0	1.0	0.980144	0.198287	0.0
223	spinel	223	0.000557341	54.125	28.5056	9.03251	0.00108378	0.0010365	8.31839e-05	0.705765	0.705765	-0.0615835	0.707107	-0.707107	-3.8307e-10	0.0435461	0.0435461	0.998102
224	spinel	224	0.00570202	44.2146	16.7312	9.16823	0.0060319	0.00384874	0.000871545	-0.114868	0.987952	-0.103715	0.786481	0.0266667	-0.617038	0.606838	0.152448	0.780069
225	spinel	225	0.00137192	45.2366	19.2365	9.10419	0.00113005	0.00107183	0.000669098	0.0	0.91224	-0.409656	1.0	0.0	0.0	0.0	0.409656	0.91224
226	spinel	226	0.000514468	56.1534	25.5116	9.09106	0.00108042	0.000497569	0.000267939	0.711422	0.200837	-0.673457	-0.342221	0.936001	-0.0823803	0.613811	0.289078	0.734622
227	spinel	227	0.00647373	53.4019	14.6464	9.21153	0.00679528	0.00246246	0.00152457	-0.118174	0.755053	0.644927	0.161933	-0.62613	0.762718	0.9797	0.194569	-0.0482756
228	spinel	228	0.00137192	44.1691	17.0993	9.13919	0.00136602	0.00110043	0.000648553	0.827193	-0.426437	0.365928	0.434906	0.898225	0.0636334	-0.355821	0.106507	0.928465
229	spinel	229	0.000814575	44.7586	17.3523	9.12192	0.000942915	0.000774792	0.000481095	-0.687454	0.71064	-0.149657	0.607068	0.675427	0.418649	-0.398591	-0.19695	0.895732
230	spinel	230	0.00132904	50.163	18.2312	9.16755	0.00259567	0.000785609	0.000590569	0.25211	0.536487	0.805371	0.873329	-0.484616	0.0494368	0.416818	0.690891	-0.590706
231	spinel	231	0.000643085	55.9405	32.946	9.12315	0.00100383	0.000675536	0.00028055	0.516009	-0.752225	0.409746	0.85546	0.428063	-0.291462	0.0438477	0.500918	0.864383
232	spinel	232	0.000685958	52.4005	20.2165	9.172	0.0013726	0.000486667	0.000370521	-0.276202	0.691499	-0.667489	0.62853	0.655368	0.41886	-0.727092	0.303847	0.615641
233	spinel	233	0.00158628	51.7043	22.2435	9.17265	0.00148393	0.00104141	0.000708389	0.801516	-0.595798	-0.0509689	0.571339	0.737872	0.359328	-0.176478	-0.317127	0.931818
234	spinel	234	0.00381564	57.3202	26.9345	9.22959	0.00313065	0.00221081	0.000999952	-0.576554	-0.480172	0.661075	-0.0714295	0.835615	0.544652	0.813931	-0.266801	0.516075
235	spinel	235	0.00471596	55.358	34.3772	9.22836	0.00567303	0.00351421	0.00120287	-0.492636	0.869817	0.0269955	0.721523	0.425597	-0.546143	0.486533	0.249572	0.837257
236	spinel	236	0.000814575	58.5796	35.0066	9.15323	0.00106963	0.000673051	0.000422188	0.726532	0.679315	-0.103358	-0.686699	0.712467	-0.144344	-0.0244159	0.175846	0.984115
237	spinel	237	0.000857447	48.8345	19.0221	9.21181	0.00100184	0.000796217	0.000431351	0.991523	-1.43677e-11	-0.129933	2.22743e-11	1.0	5.9398e-11	0.129933	-6.17886e-11	0.991523
238	spinel	238	0.00141479	51.5805	19.7735	9.2642	0.00348022	0.00086874	0.000625076	-0.340025	0.32956	0.88078	0.223594	0.938059	-0.264673	0.913449	-0.106941	0.392651
239	spinel	239	0.00158628	55.8967	33.7053	9.219	0.00461497	0.000858408	0.000374885	0.166134	0.927511	0.334848	0.823249	-0.317379	0.470671	0.542826	0.197469	-0.8163
240	spinel	240	0.00180064	46.8874	17.5463	9.22564	0.00241478	0.00157971	0.00040324	0.939762	0.340607	-0.0288853	-0.33756	0.91139	-0.235417	-0.0538589	0.230986	0.971465
241	spinel	241	0.000514468	44.3091	17.5551	9.22814	0.000716472	0.000612475	0.000261787	0.0	0.98847	-0.151416	1.0	0.0	0.0	0.0	0.151416	0.98847
242	spinel	242	0.0012433	53.322	25.2695	9.26274	0.00134883	0.00107105	0.000528146	-0.541473	0.8404	0.0231212	0.838709	0.541875	-0.0542062	0.0580836	0.00995923	0.998262
243	spinel	243	0.00300107	61.4812	27.5829	9.28281	0.00531074	0.00292332	0.000598078	-0.71624	0.695139	0.0615012	0.560473	0.625507	-0.542781	0.415778	0.354292	0.837619
244	spinel	244	0.00120043	55.7264	33.4368	9.23731	0.00120361	0.000809662	0.000655369	0.706404	-0.661018	-0.253078	0.647881	0.747836	-0.144886	0.285033	-0.061616	0.956535
245	spinel	245	0.00107181	55.4991	33.9997	9.25381	0.0011248	0.000891146	0.000590751	0.796833	-0.0618993	-0.601021	0.101309	0.994343	0.0319084	0.595646	-0.0863147	0.798596
246	spinel	246	0.000557341	59.8111	34.4716	9.21827	0.000753815	0.000560571	0.000280223	-0.707107	0.707107	4.91452e-11	0.694759	0.694759	0.186067	-0.13157	-0.13157	0.982537
247	spinel	247	0.000557341	54.86	37.5031	9.23712	0.00108378	0.0010365	8.31839e-05	-0.705765	0.705765	-0.0615835	0.707107	0.707107	5.98677e-10	-0.0435461	0.0435461	0.998102
248	spinel	248	0.0102036	51.907	19.5684	9.44407	0.0155849	0.00297013	0.00207821	0.0394837	0.670504	0.740854	-0.46377	0.669033	-0.580786	0.885076	0.320654	-0.337375
249	spinel	249	0.00072883	44.8361	17.8023	9.29951	0.00168549	0.000936726	0.000141338	0.913319	-0.30444	0.270489	0.316228	0.948683	-4.23697e-13	-0.256609	0.0855362	0.962723
250	spinel	250	0.00926043	49.8941	21.5978	9.39763	0.006952	0.00328891	0.00207066	0.451747	0.56886	0.687257	-0.852255	0.0473911	0.520976	-0.263793	0.821068	-0.506223
251	spinel	251	0.00171489	57.4391	26.4761	9.32293	0.00201507	0.00106388	0.000609682	0.789446	0.296277	0.537583	-0.417897	0.900907	0.117171	-0.449597	-0.317154	0.83503
252	spinel	252	0.000643085	57.4338	42.8858	9.31214	0.00146123	0.000653306	0.000193813	4.87916e-11	0.759815	0.650139	1.0	-1.02257e-10	4.44596e-11	-1.00262e-10	-0.650139	0.759815
